I (A)	s(I) (A)	U (V)	s(U) (V)
1,021307E-3	NaN	728,258143E-3	NaN
2,065768E-3	NaN	753,830997E-3	NaN
2,971730E-3	NaN	766,413409E-3	NaN
3,869544E-3	NaN	775,539071E-3	NaN
4,870207E-3	NaN	783,138472E-3	NaN
5,804046E-3	NaN	788,749624E-3	NaN
6,705877E-3	NaN	793,359289E-3	NaN
7,713372E-3	NaN	797,628859E-3	NaN
8,637909E-3	NaN	801,092633E-3	NaN
9,547449E-3	NaN	804,110006E-3	NaN
9,900968E-3	NaN	805,097997E-3	NaN
9,901486E-3	NaN	804,972759E-3	NaN
9,901710E-3	NaN	804,899381E-3	NaN
9,901867E-3	NaN	804,863187E-3	NaN
9,902135E-3	NaN	804,847675E-3	NaN
9,902167E-3	NaN	804,848080E-3	NaN
9,902374E-3	NaN	804,845740E-3	NaN
9,902581E-3	NaN	804,858481E-3	NaN
9,902437E-3	NaN	804,890130E-3	NaN
9,902258E-3	NaN	804,921553E-3	NaN