I (A)	s(I) (A)	U (V)	s(U) (V)
1,024809E-3	NaN	614,696743E-3	NaN
2,049062E-3	NaN	648,092033E-3	NaN
2,938450E-3	NaN	665,481281E-3	NaN
3,866670E-3	NaN	679,025430E-3	NaN
4,850589E-3	NaN	690,474544E-3	NaN
5,776875E-3	NaN	699,339150E-3	NaN
6,685017E-3	NaN	706,854353E-3	NaN
7,692698E-3	NaN	714,122013E-3	NaN
8,619161E-3	NaN	720,197207E-3	NaN
9,526623E-3	NaN	725,491710E-3	NaN
10,577949E-3	NaN	731,134017E-3	NaN
11,465452E-3	NaN	735,553342E-3	NaN
12,387238E-3	NaN	739,706740E-3	NaN
13,409954E-3	NaN	744,097283E-3	NaN
14,361195E-3	NaN	747,844001E-3	NaN
15,359275E-3	NaN	751,569463E-3	NaN
16,251268E-3	NaN	754,728157E-3	NaN
17,164809E-3	NaN	757,782120E-3	NaN
18,229125E-3	NaN	761,204709E-3	NaN
19,115177E-3	NaN	763,903708E-3	NaN