I (A)	s(I) (A)	U (V)	s(U) (V)
919,315707E-6	NaN	2,601402E+0	NaN
1,969497E-3	NaN	2,676244E+0	NaN
2,845095E-3	NaN	2,724067E+0	NaN
3,778947E-3	NaN	2,766782E+0	NaN
4,771648E-3	NaN	2,806465E+0	NaN
5,698762E-3	NaN	2,839123E+0	NaN
6,614860E-3	NaN	2,868647E+0	NaN
7,624860E-3	NaN	2,898138E+0	NaN
8,536626E-3	NaN	2,922777E+0	NaN
9,452735E-3	NaN	2,945881E+0	NaN
10,500930E-3	NaN	2,970484E+0	NaN
11,394569E-3	NaN	2,989527E+0	NaN
12,323731E-3	NaN	3,008355E+0	NaN
13,311178E-3	NaN	3,027366E+0	NaN
14,234928E-3	NaN	3,043963E+0	NaN
15,257233E-3	NaN	3,061441E+0	NaN
16,188160E-3	NaN	3,076381E+0	NaN
17,106135E-3	NaN	3,090372E+0	NaN
18,136601E-3	NaN	3,105286E+0	NaN
19,044366E-3	NaN	3,117750E+0	NaN