I (A)	s(I) (A)	U (V)	s(U) (V)
789,430441E-6	NaN	5,572933E+0	NaN
1,810653E-3	NaN	5,600504E+0	NaN
2,723806E-3	NaN	5,610472E+0	NaN
3,640791E-3	NaN	5,619057E+0	NaN
4,668472E-3	NaN	5,626969E+0	NaN
4,964361E-3	NaN	5,630551E+0	NaN
4,963303E-3	NaN	5,631868E+0	NaN
4,962231E-3	NaN	5,632808E+0	NaN
4,961751E-3	NaN	5,633562E+0	NaN
4,961187E-3	NaN	5,633989E+0	NaN
4,960759E-3	NaN	5,634343E+0	NaN
4,960287E-3	NaN	5,634653E+0	NaN
4,960439E-3	NaN	5,634789E+0	NaN
4,960396E-3	NaN	5,634853E+0	NaN
4,960032E-3	NaN	5,635046E+0	NaN
4,959851E-3	NaN	5,634960E+0	NaN
4,959841E-3	NaN	5,635026E+0	NaN
4,960003E-3	NaN	5,635229E+0	NaN